# bluefox #25000282 with 2.8mm lens
Cam_fx: 0.57656
Cam_fy: 0.905347 
Cam_cx: 0.512193
Cam_cy: 0.526864
Cam_s: 0.916694

