gps_ref_altitude: 468.58972000000017
gps_ref_latitude: 47.37845010599999
gps_ref_longitude: 8.548389828

