gps_ref_altitude: 426.37496
gps_ref_latitude: 47.41911673399998
gps_ref_longitude: 8.566933896000002
