gps_ref_altitude: 490.9402940000009
gps_ref_latitude: 47.377396999400034
gps_ref_longitude: 8.54685405260001
