gps_ref_altitude: 501.75332399999979
gps_ref_latitude: 47.375823301799983
gps_ref_longitude: 8.5502372468000019
