gps_ref_altitude: 488.23315400000007
gps_ref_latitude: 47.376554
gps_ref_longitude: 8.548055

