gps_ref_altitude: 480.90996100000024
gps_ref_latitude: 47.41905278960001
gps_ref_longitude: 8.566942647400003
