gps_ref_altitude: 488.23315400000007
gps_ref_latitude: 47.39781222100001
gps_ref_longitude: 8.54543697499999

