# bluefox #25000084 with 2mm lens
Cam_fx: 0.572517
Cam_fy: 0.898205
Cam_cx: 0.527335
Cam_cy: 0.531387
Cam_s: 0.926949

