# bluefox #25000084 with 2mm lens
Cam_fx: 0.577756
Cam_fy: 0.906983
Cam_cx: 0.527865
Cam_cy: 0.523514
Cam_s: 0.913705

