# bluefox #25000282 with 2mm lens
Cam_fx: 0.577521
Cam_fy: 0.907347
Cam_cx: 0.513079
Cam_cy: 0.528798
Cam_s: 0.916732
